,0,1,2,3,4,5,6,7,8,9,10,11,12,13,14,15,16,17,18,19,20,21,22,23,24,25,26,27,28,29,30,31,32,33,34,35,36,37,38,39,40,41,42,43,44,45,46,47,48,49
0,1.0,0.5333333333333333,0.2857142857142857,0.26666666666666666,0.8,0.1276595744680851,0.5666666666666667,0.5,0.6666666666666666,0.4642857142857143,0.48148148148148145,0.2,0.4528301886792453,0.21052631578947367,0.07142857142857142,0.3333333333333333,0.5818181818181818,0.7666666666666667,0.22857142857142856,0.5217391304347826,0.15384615384615385,0.35294117647058826,0.5306122448979592,0.2564102564102564,0.2,0.45454545454545453,0.391304347826087,0.6666666666666666,0.5454545454545454,0.6896551724137931,0.21621621621621623,0.43902439024390244,0.2,0.5531914893617021,0.2,0.5769230769230769,0.391304347826087,0.2,0.2,0.05405405405405406,0.5098039215686274,0.2,0.2,0.4528301886792453,0.40816326530612246,0.2,0.43478260869565216,0.2,0.2,0.4528301886792453
1,0.5333333333333333,1.0,0.23809523809523808,0.6,0.5666666666666667,0.3404255319148936,0.5666666666666667,0.6666666666666666,0.7666666666666667,0.2857142857142857,0.4444444444444444,0.26666666666666666,0.4528301886792453,0.21052631578947367,0.25,0.26666666666666666,0.36363636363636365,0.6666666666666666,0.22857142857142856,0.2608695652173913,0.15384615384615385,0.43137254901960786,0.2857142857142857,0.20512820512820512,0.26666666666666666,0.18181818181818182,0.34782608695652173,0.4,0.36363636363636365,0.41379310344827586,0.32432432432432434,0.1951219512195122,0.16666666666666666,0.425531914893617,0.26666666666666666,0.2692307692307692,0.2608695652173913,0.26666666666666666,0.26666666666666666,0.05405405405405406,0.35294117647058826,0.26666666666666666,0.26666666666666666,0.5283018867924528,0.24489795918367346,0.26666666666666666,0.2608695652173913,0.26666666666666666,0.26666666666666666,0.3018867924528302
2,0.2857142857142857,0.23809523809523808,1.0,0.19047619047619047,0.23809523809523808,0.20689655172413793,0.23809523809523808,0.19047619047619047,0.23809523809523808,0.3684210526315789,0.4444444444444444,0.3333333333333333,0.5714285714285714,0.4,0.10526315789473684,0.14285714285714285,0.3783783783783784,0.38095238095238093,0.47058823529411764,0.21428571428571427,0.19047619047619047,0.24242424242424243,0.45161290322580644,0.6666666666666666,0.3333333333333333,0.5384615384615384,0.5,0.38095238095238093,0.3076923076923077,0.4,0.42105263157894735,0.34782608695652173,0.047619047619047616,0.27586206896551724,0.3333333333333333,0.47058823529411764,0.2857142857142857,0.3333333333333333,0.3333333333333333,0.21052631578947367,0.42424242424242425,0.3333333333333333,0.3333333333333333,0.22857142857142856,0.45161290322580644,0.3333333333333333,0.5,0.3333333333333333,0.3333333333333333,0.4
3,0.26666666666666666,0.6,0.19047619047619047,1.0,0.3,0.3404255319148936,0.5,0.3333333333333333,0.6,0.14285714285714285,0.2962962962962963,0.26666666666666666,0.2641509433962264,0.21052631578947367,0.35714285714285715,0.3,0.21818181818181817,0.36666666666666664,0.22857142857142856,0.21739130434782608,0.15384615384615385,0.35294117647058826,0.24489795918367346,0.20512820512820512,0.26666666666666666,0.2727272727272727,0.34782608695652173,0.26666666666666666,0.45454545454545453,0.27586206896551724,0.32432432432432434,0.2926829268292683,0.16666666666666666,0.2978723404255319,0.26666666666666666,0.3076923076923077,0.34782608695652173,0.26666666666666666,0.26666666666666666,0.05405405405405406,0.3137254901960784,0.26666666666666666,0.26666666666666666,0.33962264150943394,0.32653061224489793,0.26666666666666666,0.34782608695652173,0.26666666666666666,0.26666666666666666,0.22641509433962265
4,0.8,0.5666666666666667,0.23809523809523808,0.3,1.0,0.1276595744680851,0.7,0.6,0.6333333333333333,0.2857142857142857,0.4074074074074074,0.3333333333333333,0.37735849056603776,0.21052631578947367,0.07142857142857142,0.5,0.36363636363636365,0.7,0.22857142857142856,0.5217391304347826,0.15384615384615385,0.35294117647058826,0.4897959183673469,0.20512820512820512,0.3333333333333333,0.4090909090909091,0.34782608695652173,0.5333333333333333,0.5454545454545454,0.5517241379310345,0.2702702702702703,0.43902439024390244,0.4,0.5531914893617021,0.3333333333333333,0.4230769230769231,0.4782608695652174,0.3333333333333333,0.3333333333333333,0.05405405405405406,0.5098039215686274,0.3333333333333333,0.3333333333333333,0.6037735849056604,0.40816326530612246,0.3333333333333333,0.43478260869565216,0.3333333333333333,0.3333333333333333,0.2641509433962264
5,0.1276595744680851,0.3404255319148936,0.20689655172413793,0.3404255319148936,0.1276595744680851,1.0,0.2553191489361702,0.2553191489361702,0.2978723404255319,0.13953488372093023,0.14634146341463414,0.2553191489361702,0.15,0.24,0.27906976744186046,0.2553191489361702,0.14285714285714285,0.2127659574468085,0.2727272727272727,0.18181818181818182,0.23076923076923078,0.2631578947368421,0.2222222222222222,0.23076923076923078,0.2553191489361702,0.1935483870967742,0.18181818181818182,0.1702127659574468,0.1935483870967742,0.13333333333333333,0.25,0.21428571428571427,0.0425531914893617,0.17647058823529413,0.2553191489361702,0.15384615384615385,0.24242424242424243,0.2553191489361702,0.2553191489361702,0.16666666666666666,0.15789473684210525,0.2553191489361702,0.2553191489361702,0.15,0.16666666666666666,0.2553191489361702,0.18181818181818182,0.2553191489361702,0.2553191489361702,0.2
6,0.5666666666666667,0.5666666666666667,0.23809523809523808,0.5,0.7,0.2553191489361702,1.0,0.5333333333333333,0.7666666666666667,0.25,0.4444444444444444,0.4666666666666667,0.41509433962264153,0.21052631578947367,0.2857142857142857,0.5333333333333333,0.32727272727272727,0.5666666666666667,0.22857142857142856,0.30434782608695654,0.20512820512820512,0.39215686274509803,0.32653061224489793,0.2564102564102564,0.4666666666666667,0.3181818181818182,0.391304347826087,0.3333333333333333,0.4090909090909091,0.3448275862068966,0.2702702702702703,0.2926829268292683,0.4,0.425531914893617,0.4666666666666667,0.3076923076923077,0.30434782608695654,0.4666666666666667,0.4666666666666667,0.05405405405405406,0.35294117647058826,0.4666666666666667,0.4666666666666667,0.6415094339622641,0.32653061224489793,0.4666666666666667,0.34782608695652173,0.4666666666666667,0.4666666666666667,0.22641509433962265
7,0.5,0.6666666666666666,0.19047619047619047,0.3333333333333333,0.6,0.2553191489361702,0.5333333333333333,1.0,0.5666666666666667,0.32142857142857145,0.4444444444444444,0.3333333333333333,0.4528301886792453,0.15789473684210525,0.21428571428571427,0.4,0.36363636363636365,0.6333333333333333,0.17142857142857143,0.21739130434782608,0.10256410256410256,0.3137254901960784,0.24489795918367346,0.20512820512820512,0.3333333333333333,0.13636363636363635,0.21739130434782608,0.3,0.22727272727272727,0.3103448275862069,0.16216216216216217,0.14634146341463414,0.23333333333333334,0.3829787234042553,0.3333333333333333,0.15384615384615385,0.13043478260869565,0.3333333333333333,0.3333333333333333,0.05405405405405406,0.23529411764705882,0.3333333333333333,0.3333333333333333,0.5660377358490566,0.12244897959183673,0.3333333333333333,0.13043478260869565,0.3333333333333333,0.3333333333333333,0.3018867924528302
8,0.6666666666666666,0.7666666666666667,0.23809523809523808,0.6,0.6333333333333333,0.2978723404255319,0.7666666666666667,0.5666666666666667,1.0,0.32142857142857145,0.5185185185185185,0.3,0.49056603773584906,0.21052631578947367,0.32142857142857145,0.3333333333333333,0.43636363636363634,0.7333333333333333,0.22857142857142856,0.391304347826087,0.20512820512820512,0.5098039215686274,0.40816326530612246,0.2564102564102564,0.3,0.3181818181818182,0.4782608695652174,0.4666666666666667,0.5,0.4827586206896552,0.32432432432432434,0.2926829268292683,0.23333333333333334,0.46808510638297873,0.3,0.34615384615384615,0.34782608695652173,0.3,0.3,0.05405405405405406,0.47058823529411764,0.3,0.3,0.5283018867924528,0.3673469387755102,0.3,0.391304347826087,0.3,0.3,0.3018867924528302
9,0.4642857142857143,0.2857142857142857,0.3684210526315789,0.14285714285714285,0.2857142857142857,0.13953488372093023,0.25,0.32142857142857145,0.32142857142857145,1.0,0.36,0.32142857142857145,0.32653061224489793,0.23529411764705882,0.11538461538461539,0.17857142857142858,0.8235294117647058,0.39285714285714285,0.25806451612903225,0.23809523809523808,0.11428571428571428,0.3404255319148936,0.4,0.45714285714285713,0.32142857142857145,0.35,0.3333333333333333,0.6785714285714286,0.2,0.6296296296296297,0.24242424242424243,0.21621621621621623,0.10714285714285714,0.18604651162790697,0.32142857142857145,0.5416666666666666,0.19047619047619047,0.32142857142857145,0.32142857142857145,0.06060606060606061,0.3829787234042553,0.32142857142857145,0.32142857142857145,0.16326530612244897,0.4,0.32142857142857145,0.3333333333333333,0.32142857142857145,0.32142857142857145,0.8163265306122449
10,0.48148148148148145,0.4444444444444444,0.4444444444444444,0.2962962962962963,0.4074074074074074,0.14634146341463414,0.4444444444444444,0.4444444444444444,0.5185185185185185,0.36,1.0,0.25925925925925924,0.851063829787234,0.25,0.08,0.1111111111111111,0.4897959183673469,0.6296296296296297,0.27586206896551724,0.2,0.18181818181818182,0.17777777777777778,0.32558139534883723,0.42424242424242425,0.25925925925925924,0.3684210526315789,0.55,0.25925925925925924,0.3684210526315789,0.2692307692307692,0.25806451612903225,0.22857142857142856,0.037037037037037035,0.5365853658536586,0.25925925925925924,0.30434782608695654,0.2,0.25925925925925924,0.25925925925925924,0.12903225806451613,0.3111111111111111,0.25925925925925924,0.25925925925925924,0.5957446808510638,0.32558139534883723,0.25925925925925924,0.35,0.25925925925925924,0.25925925925925924,0.425531914893617
11,0.2,0.26666666666666666,0.3333333333333333,0.26666666666666666,0.3333333333333333,0.2553191489361702,0.4666666666666667,0.3333333333333333,0.3,0.32142857142857145,0.25925925925925924,1.0,0.2641509433962264,0.21052631578947367,0.2857142857142857,0.4,0.2909090909090909,0.3,0.22857142857142856,0.13043478260869565,0.10256410256410256,0.1568627450980392,0.2857142857142857,0.358974358974359,1.0,0.3181818181818182,0.34782608695652173,0.3,0.22727272727272727,0.3448275862068966,0.2702702702702703,0.1951219512195122,0.5,0.1702127659574468,1.0,0.38461538461538464,0.21739130434782608,1.0,1.0,0.05405405405405406,0.3137254901960784,1.0,1.0,0.41509433962264153,0.40816326530612246,1.0,0.34782608695652173,1.0,1.0,0.33962264150943394
12,0.4528301886792453,0.4528301886792453,0.5714285714285714,0.2641509433962264,0.37735849056603776,0.15,0.41509433962264153,0.4528301886792453,0.49056603773584906,0.32653061224489793,0.851063829787234,0.2641509433962264,1.0,0.25806451612903225,0.08163265306122448,0.11320754716981132,0.4583333333333333,0.6415094339622641,0.2857142857142857,0.15384615384615385,0.125,0.18181818181818182,0.3333333333333333,0.4375,0.2641509433962264,0.3783783783783784,0.5128205128205128,0.2641509433962264,0.3783783783783784,0.27450980392156865,0.26666666666666666,0.23529411764705882,0.03773584905660377,0.55,0.2641509433962264,0.3111111111111111,0.20512820512820512,0.2641509433962264,0.2641509433962264,0.06666666666666667,0.3181818181818182,0.2641509433962264,0.2641509433962264,0.6086956521739131,0.3333333333333333,0.2641509433962264,0.358974358974359,0.2641509433962264,0.2641509433962264,0.391304347826087
13,0.21052631578947367,0.21052631578947367,0.4,0.21052631578947367,0.21052631578947367,0.24,0.21052631578947367,0.15789473684210525,0.21052631578947367,0.23529411764705882,0.25,0.21052631578947367,0.25806451612903225,1.0,0.11764705882352941,0.15789473684210525,0.24242424242424243,0.21052631578947367,0.6153846153846154,0.25,0.23529411764705882,0.27586206896551724,0.2962962962962963,0.47058823529411764,0.21052631578947367,0.36363636363636365,0.3333333333333333,0.2631578947368421,0.36363636363636365,0.2222222222222222,0.5333333333333333,0.42105263157894735,0.05263157894736842,0.32,0.21052631578947367,0.26666666666666666,0.3333333333333333,0.21052631578947367,0.21052631578947367,0.13333333333333333,0.27586206896551724,0.21052631578947367,0.21052631578947367,0.25806451612903225,0.2962962962962963,0.21052631578947367,0.3333333333333333,0.21052631578947367,0.21052631578947367,0.25806451612903225
14,0.07142857142857142,0.25,0.10526315789473684,0.35714285714285715,0.07142857142857142,0.27906976744186046,0.2857142857142857,0.21428571428571427,0.32142857142857145,0.11538461538461539,0.08,0.2857142857142857,0.08163265306122448,0.11764705882352941,1.0,0.21428571428571427,0.0784313725490196,0.14285714285714285,0.12903225806451613,0.14285714285714285,0.17142857142857143,0.2553191489361702,0.13333333333333333,0.17142857142857143,0.2857142857142857,0.1,0.09523809523809523,0.07142857142857142,0.1,0.07407407407407407,0.12121212121212122,0.16216216216216217,0.07142857142857142,0.09302325581395349,0.2857142857142857,0.08333333333333333,0.09523809523809523,0.2857142857142857,0.2857142857142857,0.0,0.0851063829787234,0.2857142857142857,0.2857142857142857,0.08163265306122448,0.08888888888888889,0.2857142857142857,0.09523809523809523,0.2857142857142857,0.2857142857142857,0.12244897959183673
15,0.3333333333333333,0.26666666666666666,0.14285714285714285,0.3,0.5,0.2553191489361702,0.5333333333333333,0.4,0.3333333333333333,0.17857142857142858,0.1111111111111111,0.4,0.11320754716981132,0.15789473684210525,0.21428571428571427,1.0,0.18181818181818182,0.36666666666666664,0.17142857142857143,0.34782608695652173,0.10256410256410256,0.19607843137254902,0.3673469387755102,0.15384615384615385,0.4,0.3181818181818182,0.13043478260869565,0.3,0.3181818181818182,0.3103448275862069,0.16216216216216217,0.3902439024390244,0.5666666666666667,0.2978723404255319,0.4,0.2692307692307692,0.34782608695652173,0.4,0.4,0.05405405405405406,0.3137254901960784,0.4,0.4,0.37735849056603776,0.2857142857142857,0.4,0.30434782608695654,0.4,0.4,0.11320754716981132
16,0.5818181818181818,0.36363636363636365,0.3783783783783784,0.21818181818181817,0.36363636363636365,0.14285714285714285,0.32727272727272727,0.36363636363636365,0.43636363636363634,0.8235294117647058,0.4897959183673469,0.2909090909090909,0.4583333333333333,0.24242424242424243,0.0784313725490196,0.18181818181818182,1.0,0.509090909090909,0.26666666666666666,0.24390243902439024,0.11764705882352941,0.34782608695652173,0.4090909090909091,0.4117647058823529,0.2909090909090909,0.358974358974359,0.4878048780487805,0.5454545454545454,0.358974358974359,0.6037735849056604,0.25,0.2222222222222222,0.10909090909090909,0.19047619047619047,0.2909090909090909,0.5106382978723404,0.1951219512195122,0.2909090909090909,0.2909090909090909,0.0625,0.391304347826087,0.2909090909090909,0.2909090909090909,0.2916666666666667,0.36363636363636365,0.2909090909090909,0.34146341463414637,0.2909090909090909,0.2909090909090909,0.7916666666666666
17,0.7666666666666667,0.6666666666666666,0.38095238095238093,0.36666666666666664,0.7,0.2127659574468085,0.5666666666666667,0.6333333333333333,0.7333333333333333,0.39285714285714285,0.6296296296296297,0.3,0.6415094339622641,0.21052631578947367,0.14285714285714285,0.36666666666666664,0.509090909090909,1.0,0.22857142857142856,0.4782608695652174,0.10256410256410256,0.35294117647058826,0.6122448979591837,0.358974358974359,0.3,0.5454545454545454,0.43478260869565216,0.6,0.5454545454545454,0.6206896551724138,0.21621621621621623,0.43902439024390244,0.16666666666666666,0.6808510638297872,0.3,0.5,0.391304347826087,0.3,0.3,0.05405405405405406,0.5882352941176471,0.3,0.3,0.5283018867924528,0.4897959183673469,0.3,0.5217391304347826,0.3,0.3,0.37735849056603776
18,0.22857142857142856,0.22857142857142856,0.47058823529411764,0.22857142857142856,0.22857142857142856,0.2727272727272727,0.22857142857142856,0.17142857142857143,0.22857142857142856,0.25806451612903225,0.27586206896551724,0.22857142857142856,0.2857142857142857,0.6153846153846154,0.12903225806451613,0.17142857142857143,0.26666666666666666,0.22857142857142856,1.0,0.2857142857142857,0.2857142857142857,0.3076923076923077,0.3333333333333333,0.5714285714285714,0.22857142857142856,0.42105263157894735,0.38095238095238093,0.22857142857142856,0.42105263157894735,0.24242424242424243,0.6666666666666666,0.5,0.05714285714285714,0.36363636363636365,0.22857142857142856,0.2962962962962963,0.38095238095238093,0.22857142857142856,0.22857142857142856,0.16666666666666666,0.3076923076923077,0.22857142857142856,0.22857142857142856,0.2857142857142857,0.3333333333333333,0.22857142857142856,0.38095238095238093,0.22857142857142856,0.22857142857142856,0.2857142857142857
19,0.5217391304347826,0.2608695652173913,0.21428571428571427,0.21739130434782608,0.5217391304347826,0.18181818181818182,0.30434782608695654,0.21739130434782608,0.391304347826087,0.23809523809523808,0.2,0.13043478260869565,0.15384615384615385,0.25,0.14285714285714285,0.34782608695652173,0.24390243902439024,0.4782608695652174,0.2857142857142857,1.0,0.24,0.3783783783783784,0.8571428571428571,0.24,0.13043478260869565,0.5333333333333333,0.25,0.4782608695652174,0.5333333333333333,0.5,0.2608695652173913,0.6666666666666666,0.13043478260869565,0.48484848484848486,0.13043478260869565,0.42105263157894735,0.5,0.13043478260869565,0.13043478260869565,0.0,0.5945945945945946,0.13043478260869565,0.13043478260869565,0.15384615384615385,0.45714285714285713,0.13043478260869565,0.5,0.13043478260869565,0.13043478260869565,0.20512820512820512
20,0.15384615384615385,0.15384615384615385,0.19047619047619047,0.15384615384615385,0.15384615384615385,0.23076923076923078,0.20512820512820512,0.10256410256410256,0.20512820512820512,0.11428571428571428,0.18181818181818182,0.10256410256410256,0.125,0.23529411764705882,0.17142857142857143,0.10256410256410256,0.11764705882352941,0.10256410256410256,0.2857142857142857,0.24,1.0,0.2,0.14285714285714285,0.2222222222222222,0.10256410256410256,0.17391304347826086,0.24,0.10256410256410256,0.17391304347826086,0.10810810810810811,0.25,0.2,0.0,0.15384615384615385,0.10256410256410256,0.12903225806451613,0.16,0.10256410256410256,0.10256410256410256,0.0,0.13333333333333333,0.10256410256410256,0.10256410256410256,0.125,0.14285714285714285,0.10256410256410256,0.16,0.10256410256410256,0.10256410256410256,0.125
21,0.35294117647058826,0.43137254901960786,0.24242424242424243,0.35294117647058826,0.35294117647058826,0.2631578947368421,0.39215686274509803,0.3137254901960784,0.5098039215686274,0.3404255319148936,0.17777777777777778,0.1568627450980392,0.18181818181818182,0.27586206896551724,0.2553191489361702,0.19607843137254902,0.34782608695652173,0.35294117647058826,0.3076923076923077,0.3783783783783784,0.2,1.0,0.4,0.26666666666666666,0.1568627450980392,0.22857142857142856,0.21621621621621623,0.35294117647058826,0.22857142857142856,0.3673469387755102,0.2857142857142857,0.25,0.23529411764705882,0.2631578947368421,0.1568627450980392,0.18604651162790697,0.21621621621621623,0.1568627450980392,0.1568627450980392,0.14285714285714285,0.3333333333333333,0.1568627450980392,0.1568627450980392,0.18181818181818182,0.2,0.1568627450980392,0.21621621621621623,0.1568627450980392,0.1568627450980392,0.2727272727272727
22,0.5306122448979592,0.2857142857142857,0.45161290322580644,0.24489795918367346,0.4897959183673469,0.2222222222222222,0.32653061224489793,0.24489795918367346,0.40816326530612246,0.4,0.32558139534883723,0.2857142857142857,0.3333333333333333,0.2962962962962963,0.13333333333333333,0.3673469387755102,0.4090909090909091,0.6122448979591837,0.3333333333333333,0.8571428571428571,0.14285714285714285,0.4,1.0,0.5,0.2857142857142857,0.7272727272727273,0.4,0.6122448979591837,0.5454545454545454,0.6382978723404256,0.3076923076923077,0.6666666666666666,0.16326530612244897,0.5,0.2857142857142857,0.5853658536585366,0.5142857142857142,0.2857142857142857,0.2857142857142857,0.07692307692307693,0.75,0.2857142857142857,0.2857142857142857,0.19047619047619047,0.631578947368421,0.2857142857142857,0.6857142857142857,0.2857142857142857,0.2857142857142857,0.38095238095238093
23,0.2564102564102564,0.20512820512820512,0.6666666666666666,0.20512820512820512,0.20512820512820512,0.23076923076923078,0.2564102564102564,0.20512820512820512,0.2564102564102564,0.45714285714285713,0.42424242424242425,0.358974358974359,0.4375,0.47058823529411764,0.17142857142857143,0.15384615384615385,0.4117647058823529,0.358974358974359,0.5714285714285714,0.24,0.2222222222222222,0.26666666666666666,0.5,1.0,0.358974358974359,0.6086956521739131,0.56,0.358974358974359,0.34782608695652173,0.3783783783783784,0.5,0.4,0.05128205128205128,0.3076923076923077,0.358974358974359,0.45161290322580644,0.32,0.358974358974359,0.358974358974359,0.125,0.4666666666666667,0.358974358974359,0.358974358974359,0.25,0.5,0.358974358974359,0.56,0.358974358974359,0.358974358974359,0.5
24,0.2,0.26666666666666666,0.3333333333333333,0.26666666666666666,0.3333333333333333,0.2553191489361702,0.4666666666666667,0.3333333333333333,0.3,0.32142857142857145,0.25925925925925924,1.0,0.2641509433962264,0.21052631578947367,0.2857142857142857,0.4,0.2909090909090909,0.3,0.22857142857142856,0.13043478260869565,0.10256410256410256,0.1568627450980392,0.2857142857142857,0.358974358974359,1.0,0.3181818181818182,0.34782608695652173,0.3,0.22727272727272727,0.3448275862068966,0.2702702702702703,0.1951219512195122,0.5,0.1702127659574468,1.0,0.38461538461538464,0.21739130434782608,1.0,1.0,0.05405405405405406,0.3137254901960784,1.0,1.0,0.41509433962264153,0.40816326530612246,1.0,0.34782608695652173,1.0,1.0,0.33962264150943394
25,0.45454545454545453,0.18181818181818182,0.5384615384615384,0.2727272727272727,0.4090909090909091,0.1935483870967742,0.3181818181818182,0.13636363636363635,0.3181818181818182,0.35,0.3684210526315789,0.3181818181818182,0.3783783783783784,0.36363636363636365,0.1,0.3181818181818182,0.358974358974359,0.5454545454545454,0.42105263157894735,0.5333333333333333,0.17391304347826086,0.22857142857142856,0.7272727272727273,0.6086956521739131,0.3181818181818182,1.0,0.6,0.5454545454545454,0.6428571428571429,0.5714285714285714,0.38095238095238093,0.72,0.13636363636363635,0.5806451612903226,0.3181818181818182,0.6666666666666666,0.6,0.3181818181818182,0.3181818181818182,0.09523809523809523,0.7428571428571429,0.3181818181818182,0.3181818181818182,0.21621621621621623,0.7272727272727273,0.3181818181818182,0.9333333333333333,0.3181818181818182,0.3181818181818182,0.3783783783783784
26,0.391304347826087,0.34782608695652173,0.5,0.34782608695652173,0.34782608695652173,0.18181818181818182,0.391304347826087,0.21739130434782608,0.4782608695652174,0.3333333333333333,0.55,0.34782608695652173,0.5128205128205128,0.3333333333333333,0.09523809523809523,0.13043478260869565,0.4878048780487805,0.43478260869565216,0.38095238095238093,0.25,0.24,0.21621621621621623,0.4,0.56,0.34782608695652173,0.6,1.0,0.391304347826087,0.6,0.4090909090909091,0.5217391304347826,0.2962962962962963,0.13043478260869565,0.24242424242424243,0.34782608695652173,0.47368421052631576,0.375,0.34782608695652173,0.34782608695652173,0.08695652173913043,0.5405405405405406,0.34782608695652173,0.34782608695652173,0.46153846153846156,0.5142857142857142,0.34782608695652173,0.6875,0.34782608695652173,0.34782608695652173,0.41025641025641024
27,0.6666666666666666,0.4,0.38095238095238093,0.26666666666666666,0.5333333333333333,0.1702127659574468,0.3333333333333333,0.3,0.4666666666666667,0.6785714285714286,0.25925925925925924,0.3,0.2641509433962264,0.2631578947368421,0.07142857142857142,0.3,0.5454545454545454,0.6,0.22857142857142856,0.4782608695652174,0.10256410256410256,0.35294117647058826,0.6122448979591837,0.358974358974359,0.3,0.5454545454545454,0.391304347826087,1.0,0.5,0.8620689655172413,0.32432432432432434,0.43902439024390244,0.23333333333333334,0.3829787234042553,0.3,0.7692307692307693,0.5217391304347826,0.3,0.3,0.10810810810810811,0.6666666666666666,0.3,0.3,0.22641509433962265,0.6122448979591837,0.3,0.6086956521739131,0.3,0.3,0.5283018867924528
28,0.5454545454545454,0.36363636363636365,0.3076923076923077,0.45454545454545453,0.5454545454545454,0.1935483870967742,0.4090909090909091,0.22727272727272727,0.5,0.2,0.3684210526315789,0.22727272727272727,0.3783783783783784,0.36363636363636365,0.1,0.3181818181818182,0.358974358974359,0.5454545454545454,0.42105263157894735,0.5333333333333333,0.17391304347826086,0.22857142857142856,0.5454545454545454,0.34782608695652173,0.22727272727272727,0.6428571428571429,0.6,0.5,1.0,0.5238095238095238,0.5714285714285714,0.72,0.22727272727272727,0.5806451612903226,0.22727272727272727,0.6111111111111112,0.7333333333333333,0.22727272727272727,0.22727272727272727,0.09523809523809523,0.6285714285714286,0.22727272727272727,0.22727272727272727,0.4864864864864865,0.6666666666666666,0.22727272727272727,0.7333333333333333,0.22727272727272727,0.22727272727272727,0.2702702702702703
29,0.6896551724137931,0.41379310344827586,0.4,0.27586206896551724,0.5517241379310345,0.13333333333333333,0.3448275862068966,0.3103448275862069,0.4827586206896552,0.6296296296296297,0.2692307692307692,0.3448275862068966,0.27450980392156865,0.2222222222222222,0.07407407407407407,0.3103448275862069,0.6037735849056604,0.6206896551724138,0.24242424242424243,0.5,0.10810810810810811,0.3673469387755102,0.6382978723404256,0.3783783783783784,0.3448275862068966,0.5714285714285714,0.4090909090909091,0.8620689655172413,0.5238095238095238,1.0,0.34285714285714286,0.46153846153846156,0.2413793103448276,0.4,0.3448275862068966,0.84,0.5,0.3448275862068966,0.3448275862068966,0.05714285714285714,0.6938775510204082,0.3448275862068966,0.3448275862068966,0.23529411764705882,0.723404255319149,0.3448275862068966,0.6363636363636364,0.3448275862068966,0.3448275862068966,0.5882352941176471
30,0.21621621621621623,0.32432432432432434,0.42105263157894735,0.32432432432432434,0.2702702702702703,0.25,0.2702702702702703,0.16216216216216217,0.32432432432432434,0.24242424242424243,0.25806451612903225,0.2702702702702703,0.26666666666666666,0.5333333333333333,0.12121212121212122,0.16216216216216217,0.25,0.21621621621621623,0.6666666666666666,0.2608695652173913,0.25,0.2857142857142857,0.3076923076923077,0.5,0.2702702702702703,0.38095238095238093,0.5217391304347826,0.32432432432432434,0.5714285714285714,0.34285714285714286,1.0,0.4444444444444444,0.16216216216216217,0.3333333333333333,0.2702702702702703,0.41379310344827586,0.5217391304347826,0.2702702702702703,0.2702702702702703,0.14285714285714285,0.42857142857142855,0.2702702702702703,0.2702702702702703,0.4,0.46153846153846156,0.2702702702702703,0.5217391304347826,0.2702702702702703,0.2702702702702703,0.26666666666666666
31,0.43902439024390244,0.1951219512195122,0.34782608695652173,0.2926829268292683,0.43902439024390244,0.21428571428571427,0.2926829268292683,0.14634146341463414,0.2926829268292683,0.21621621621621623,0.22857142857142856,0.1951219512195122,0.23529411764705882,0.42105263157894735,0.16216216216216217,0.3902439024390244,0.2222222222222222,0.43902439024390244,0.5,0.6666666666666666,0.2,0.25,0.6666666666666666,0.4,0.1951219512195122,0.72,0.2962962962962963,0.43902439024390244,0.72,0.46153846153846156,0.4444444444444444,1.0,0.14634146341463414,0.6428571428571429,0.1951219512195122,0.5454545454545454,0.6666666666666666,0.1951219512195122,0.1951219512195122,0.1111111111111111,0.625,0.1951219512195122,0.1951219512195122,0.23529411764705882,0.6,0.1951219512195122,0.6666666666666666,0.1951219512195122,0.1951219512195122,0.23529411764705882
32,0.2,0.16666666666666666,0.047619047619047616,0.16666666666666666,0.4,0.0425531914893617,0.4,0.23333333333333334,0.23333333333333334,0.10714285714285714,0.037037037037037035,0.5,0.03773584905660377,0.05263157894736842,0.07142857142857142,0.5666666666666667,0.10909090909090909,0.16666666666666666,0.05714285714285714,0.13043478260869565,0.0,0.23529411764705882,0.16326530612244897,0.05128205128205128,0.5,0.13636363636363635,0.13043478260869565,0.23333333333333334,0.22727272727272727,0.2413793103448276,0.16216216216216217,0.14634146341463414,1.0,0.1702127659574468,0.5,0.19230769230769232,0.2608695652173913,0.5,0.5,0.10810810810810811,0.23529411764705882,0.5,0.5,0.33962264150943394,0.20408163265306123,0.5,0.21739130434782608,0.5,0.5,0.03773584905660377
33,0.5531914893617021,0.425531914893617,0.27586206896551724,0.2978723404255319,0.5531914893617021,0.17647058823529413,0.425531914893617,0.3829787234042553,0.46808510638297873,0.18604651162790697,0.5365853658536586,0.1702127659574468,0.55,0.32,0.09302325581395349,0.2978723404255319,0.19047619047619047,0.6808510638297872,0.36363636363636365,0.48484848484848486,0.15384615384615385,0.2631578947368421,0.5,0.3076923076923077,0.1702127659574468,0.5806451612903226,0.24242424242424243,0.3829787234042553,0.5806451612903226,0.4,0.3333333333333333,0.6428571428571429,0.1702127659574468,1.0,0.1702127659574468,0.46153846153846156,0.5454545454545454,0.1702127659574468,0.1702127659574468,0.16666666666666666,0.47368421052631576,0.1702127659574468,0.1702127659574468,0.55,0.5,0.1702127659574468,0.5454545454545454,0.1702127659574468,0.1702127659574468,0.2
34,0.2,0.26666666666666666,0.3333333333333333,0.26666666666666666,0.3333333333333333,0.2553191489361702,0.4666666666666667,0.3333333333333333,0.3,0.32142857142857145,0.25925925925925924,1.0,0.2641509433962264,0.21052631578947367,0.2857142857142857,0.4,0.2909090909090909,0.3,0.22857142857142856,0.13043478260869565,0.10256410256410256,0.1568627450980392,0.2857142857142857,0.358974358974359,1.0,0.3181818181818182,0.34782608695652173,0.3,0.22727272727272727,0.3448275862068966,0.2702702702702703,0.1951219512195122,0.5,0.1702127659574468,1.0,0.38461538461538464,0.21739130434782608,1.0,1.0,0.05405405405405406,0.3137254901960784,1.0,1.0,0.41509433962264153,0.40816326530612246,1.0,0.34782608695652173,1.0,1.0,0.33962264150943394
35,0.5769230769230769,0.2692307692307692,0.47058823529411764,0.3076923076923077,0.4230769230769231,0.15384615384615385,0.3076923076923077,0.15384615384615385,0.34615384615384615,0.5416666666666666,0.30434782608695654,0.38461538461538464,0.3111111111111111,0.26666666666666666,0.08333333333333333,0.2692307692307692,0.5106382978723404,0.5,0.2962962962962963,0.42105263157894735,0.12903225806451613,0.18604651162790697,0.5853658536585366,0.45161290322580644,0.38461538461538464,0.6666666666666666,0.47368421052631576,0.7692307692307693,0.6111111111111112,0.84,0.41379310344827586,0.5454545454545454,0.19230769230769232,0.46153846153846156,0.38461538461538464,1.0,0.5789473684210527,0.38461538461538464,0.38461538461538464,0.06896551724137931,0.6511627906976745,0.38461538461538464,0.38461538461538464,0.26666666666666666,0.7804878048780488,0.38461538461538464,0.7368421052631579,0.38461538461538464,0.38461538461538464,0.5777777777777777
36,0.391304347826087,0.2608695652173913,0.2857142857142857,0.34782608695652173,0.4782608695652174,0.24242424242424243,0.30434782608695654,0.13043478260869565,0.34782608695652173,0.19047619047619047,0.2,0.21739130434782608,0.20512820512820512,0.3333333333333333,0.09523809523809523,0.34782608695652173,0.1951219512195122,0.391304347826087,0.38095238095238093,0.5,0.16,0.21621621621621623,0.5142857142857142,0.32,0.21739130434782608,0.6,0.375,0.5217391304347826,0.7333333333333333,0.5,0.5217391304347826,0.6666666666666666,0.2608695652173913,0.5454545454545454,0.21739130434782608,0.5789473684210527,1.0,0.21739130434782608,0.21739130434782608,0.2608695652173913,0.5945945945945946,0.21739130434782608,0.21739130434782608,0.3076923076923077,0.7428571428571429,0.21739130434782608,0.6875,0.21739130434782608,0.21739130434782608,0.20512820512820512
37,0.2,0.26666666666666666,0.3333333333333333,0.26666666666666666,0.3333333333333333,0.2553191489361702,0.4666666666666667,0.3333333333333333,0.3,0.32142857142857145,0.25925925925925924,1.0,0.2641509433962264,0.21052631578947367,0.2857142857142857,0.4,0.2909090909090909,0.3,0.22857142857142856,0.13043478260869565,0.10256410256410256,0.1568627450980392,0.2857142857142857,0.358974358974359,1.0,0.3181818181818182,0.34782608695652173,0.3,0.22727272727272727,0.3448275862068966,0.2702702702702703,0.1951219512195122,0.5,0.1702127659574468,1.0,0.38461538461538464,0.21739130434782608,1.0,1.0,0.05405405405405406,0.3137254901960784,1.0,1.0,0.41509433962264153,0.40816326530612246,1.0,0.34782608695652173,1.0,1.0,0.33962264150943394
38,0.2,0.26666666666666666,0.3333333333333333,0.26666666666666666,0.3333333333333333,0.2553191489361702,0.4666666666666667,0.3333333333333333,0.3,0.32142857142857145,0.25925925925925924,1.0,0.2641509433962264,0.21052631578947367,0.2857142857142857,0.4,0.2909090909090909,0.3,0.22857142857142856,0.13043478260869565,0.10256410256410256,0.1568627450980392,0.2857142857142857,0.358974358974359,1.0,0.3181818181818182,0.34782608695652173,0.3,0.22727272727272727,0.3448275862068966,0.2702702702702703,0.1951219512195122,0.5,0.1702127659574468,1.0,0.38461538461538464,0.21739130434782608,1.0,1.0,0.05405405405405406,0.3137254901960784,1.0,1.0,0.41509433962264153,0.40816326530612246,1.0,0.34782608695652173,1.0,1.0,0.33962264150943394
39,0.05405405405405406,0.05405405405405406,0.21052631578947367,0.05405405405405406,0.05405405405405406,0.16666666666666666,0.05405405405405406,0.05405405405405406,0.05405405405405406,0.06060606060606061,0.12903225806451613,0.05405405405405406,0.06666666666666667,0.13333333333333333,0.0,0.05405405405405406,0.0625,0.05405405405405406,0.16666666666666666,0.0,0.0,0.14285714285714285,0.07692307692307693,0.125,0.05405405405405406,0.09523809523809523,0.08695652173913043,0.10810810810810811,0.09523809523809523,0.05714285714285714,0.14285714285714285,0.1111111111111111,0.10810810810810811,0.16666666666666666,0.05405405405405406,0.06896551724137931,0.2608695652173913,0.05405405405405406,0.05405405405405406,1.0,0.07142857142857142,0.05405405405405406,0.05405405405405406,0.06666666666666667,0.15384615384615385,0.05405405405405406,0.08695652173913043,0.05405405405405406,0.05405405405405406,0.06666666666666667
40,0.5098039215686274,0.35294117647058826,0.42424242424242425,0.3137254901960784,0.5098039215686274,0.15789473684210525,0.35294117647058826,0.23529411764705882,0.47058823529411764,0.3829787234042553,0.3111111111111111,0.3137254901960784,0.3181818181818182,0.27586206896551724,0.0851063829787234,0.3137254901960784,0.391304347826087,0.5882352941176471,0.3076923076923077,0.5945945945945946,0.13333333333333333,0.3333333333333333,0.75,0.4666666666666667,0.3137254901960784,0.7428571428571429,0.5405405405405406,0.6666666666666666,0.6285714285714286,0.6938775510204082,0.42857142857142855,0.625,0.23529411764705882,0.47368421052631576,0.3137254901960784,0.6511627906976745,0.5945945945945946,0.3137254901960784,0.3137254901960784,0.07142857142857142,1.0,0.3137254901960784,0.3137254901960784,0.2727272727272727,0.7,0.3137254901960784,0.8108108108108109,0.3137254901960784,0.3137254901960784,0.36363636363636365
41,0.2,0.26666666666666666,0.3333333333333333,0.26666666666666666,0.3333333333333333,0.2553191489361702,0.4666666666666667,0.3333333333333333,0.3,0.32142857142857145,0.25925925925925924,1.0,0.2641509433962264,0.21052631578947367,0.2857142857142857,0.4,0.2909090909090909,0.3,0.22857142857142856,0.13043478260869565,0.10256410256410256,0.1568627450980392,0.2857142857142857,0.358974358974359,1.0,0.3181818181818182,0.34782608695652173,0.3,0.22727272727272727,0.3448275862068966,0.2702702702702703,0.1951219512195122,0.5,0.1702127659574468,1.0,0.38461538461538464,0.21739130434782608,1.0,1.0,0.05405405405405406,0.3137254901960784,1.0,1.0,0.41509433962264153,0.40816326530612246,1.0,0.34782608695652173,1.0,1.0,0.33962264150943394
42,0.2,0.26666666666666666,0.3333333333333333,0.26666666666666666,0.3333333333333333,0.2553191489361702,0.4666666666666667,0.3333333333333333,0.3,0.32142857142857145,0.25925925925925924,1.0,0.2641509433962264,0.21052631578947367,0.2857142857142857,0.4,0.2909090909090909,0.3,0.22857142857142856,0.13043478260869565,0.10256410256410256,0.1568627450980392,0.2857142857142857,0.358974358974359,1.0,0.3181818181818182,0.34782608695652173,0.3,0.22727272727272727,0.3448275862068966,0.2702702702702703,0.1951219512195122,0.5,0.1702127659574468,1.0,0.38461538461538464,0.21739130434782608,1.0,1.0,0.05405405405405406,0.3137254901960784,1.0,1.0,0.41509433962264153,0.40816326530612246,1.0,0.34782608695652173,1.0,1.0,0.33962264150943394
43,0.4528301886792453,0.5283018867924528,0.22857142857142856,0.33962264150943394,0.6037735849056604,0.15,0.6415094339622641,0.5660377358490566,0.5283018867924528,0.16326530612244897,0.5957446808510638,0.41509433962264153,0.6086956521739131,0.25806451612903225,0.08163265306122448,0.37735849056603776,0.2916666666666667,0.5283018867924528,0.2857142857142857,0.15384615384615385,0.125,0.18181818181818182,0.19047619047619047,0.25,0.41509433962264153,0.21621621621621623,0.46153846153846156,0.22641509433962265,0.4864864864864865,0.23529411764705882,0.4,0.23529411764705882,0.33962264150943394,0.55,0.41509433962264153,0.26666666666666666,0.3076923076923077,0.41509433962264153,0.41509433962264153,0.06666666666666667,0.2727272727272727,0.41509433962264153,0.41509433962264153,1.0,0.2857142857142857,0.41509433962264153,0.3076923076923077,0.41509433962264153,0.41509433962264153,0.21739130434782608
44,0.40816326530612246,0.24489795918367346,0.45161290322580644,0.32653061224489793,0.40816326530612246,0.16666666666666666,0.32653061224489793,0.12244897959183673,0.3673469387755102,0.4,0.32558139534883723,0.40816326530612246,0.3333333333333333,0.2962962962962963,0.08888888888888889,0.2857142857142857,0.36363636363636365,0.4897959183673469,0.3333333333333333,0.45714285714285713,0.14285714285714285,0.2,0.631578947368421,0.5,0.40816326530612246,0.7272727272727273,0.5142857142857142,0.6122448979591837,0.6666666666666666,0.723404255319149,0.46153846153846156,0.6,0.20408163265306123,0.5,0.40816326530612246,0.7804878048780488,0.7428571428571429,0.40816326530612246,0.40816326530612246,0.15384615384615385,0.7,0.40816326530612246,0.40816326530612246,0.2857142857142857,1.0,0.40816326530612246,0.8,0.40816326530612246,0.40816326530612246,0.42857142857142855
45,0.2,0.26666666666666666,0.3333333333333333,0.26666666666666666,0.3333333333333333,0.2553191489361702,0.4666666666666667,0.3333333333333333,0.3,0.32142857142857145,0.25925925925925924,1.0,0.2641509433962264,0.21052631578947367,0.2857142857142857,0.4,0.2909090909090909,0.3,0.22857142857142856,0.13043478260869565,0.10256410256410256,0.1568627450980392,0.2857142857142857,0.358974358974359,1.0,0.3181818181818182,0.34782608695652173,0.3,0.22727272727272727,0.3448275862068966,0.2702702702702703,0.1951219512195122,0.5,0.1702127659574468,1.0,0.38461538461538464,0.21739130434782608,1.0,1.0,0.05405405405405406,0.3137254901960784,1.0,1.0,0.41509433962264153,0.40816326530612246,1.0,0.34782608695652173,1.0,1.0,0.33962264150943394
46,0.43478260869565216,0.2608695652173913,0.5,0.34782608695652173,0.43478260869565216,0.18181818181818182,0.34782608695652173,0.13043478260869565,0.391304347826087,0.3333333333333333,0.35,0.34782608695652173,0.358974358974359,0.3333333333333333,0.09523809523809523,0.30434782608695654,0.34146341463414637,0.5217391304347826,0.38095238095238093,0.5,0.16,0.21621621621621623,0.6857142857142857,0.56,0.34782608695652173,0.9333333333333333,0.6875,0.6086956521739131,0.7333333333333333,0.6363636363636364,0.5217391304347826,0.6666666666666666,0.21739130434782608,0.5454545454545454,0.34782608695652173,0.7368421052631579,0.6875,0.34782608695652173,0.34782608695652173,0.08695652173913043,0.8108108108108109,0.34782608695652173,0.34782608695652173,0.3076923076923077,0.8,0.34782608695652173,1.0,0.34782608695652173,0.34782608695652173,0.358974358974359
