name,San Marino,Luxembourg,Monaco,Ljubljana,Bratislava,Podgorica,Bern,Skopje,Reykjavík,Rabat,Chi?in?u,Vilnius,Riga,Zagreb,Tallinn,Tbilisi,Belgrade,Tirana,Yerevan,Baku,Sofia,Minsk,Canberra,Sarajevo,Valletta,Jerusalem,Nicosia,Ankara,Budapest,Bucharest,Lisbon,Oslo,Warsaw,Dublin,Prague,Helsinki,København,Brussels,Kyiv,Madrid,Stockholm,Amsterdam,Berlin,Athens,Vienna,London,Moscow,Rome,Paris
San Marino,0.0,793.1876992453929,406.3858513244594,286.7979479517299,592.1891174866815,578.3388925357497,511.0867617859135,764.1409095164894,3099.3598422612326,1985.6683337653756,1326.956807157782,1514.0945986145396,1662.699421004705,349.8056028251153,1914.4091766316817,2625.4511780054095,648.033570594111,670.2127843437189,2654.058389801664,3065.7083260176382,892.8361952085,1562.2390431621243,12263.76917671202,478.24520427194034,904.4112809584277,2380.5999130808596,2024.462026916102,1741.5312061397406,652.095546578475,1093.1734716750318,1889.1289472747617,1780.5857517571603,1120.6397381543468,1721.5065228203914,699.8157098380549,1989.7538754579061,1305.6588960799797,980.1573443324965,1544.4185640356795,1387.303070352306,1753.4332373711666,1088.8617552956616,957.0309180216243,1152.2416919426112,563.1239672291478,1260.4077059558845,2215.1851571444718,225.78390279453305,948.7452706820465
Luxembourg,793.1876992453929,0.0,659.5454049761961,741.2599175914556,821.2610002048795,1285.9201842711882,315.6768084051438,1453.33214333924,2308.39782269611,2018.6103828180164,1701.1234181433765,1422.3202244797747,1442.1027723186787,852.3245048338571,1614.2997973707504,3076.4825321644234,1206.1019310919803,1406.1819503761828,3142.7609081525843,3506.028161027403,1527.2853372072882,1546.3570458324373,12542.952471880408,1131.7548882260444,1663.2358730984674,3095.690653578828,2715.7758888648905,2346.765641780624,982.8369157113715,1614.9710848194347,1704.020425841535,1183.9290571496938,1083.2033019955309,953.0589982041586,598.4715773890554,1670.3361261041255,802.6126363729492,187.14009930225865,1739.1368349925149,1276.3226738799044,1324.3606796212912,316.64920565521464,603.3396258070721,1902.7430950375826,765.8565588126423,489.92391740894965,2207.368391108861,987.9252918784165,287.3413976495997
Monaco,406.3858513244594,659.5454049761961,0.0,618.0877225140418,898.0947599972066,976.670477508843,352.5791451382054,1162.6121017623536,2916.3836578982437,1625.6804575023175,1714.435956739278,1774.429578763613,1878.137422017996,718.4578930725054,2102.8583462864417,3029.8640247607855,1050.1211151602195,1054.7524660573665,3060.1580894501876,3470.0485331212294,1297.7361723998995,1850.9388602757201,12656.767026129337,884.6310470971479,1058.2540906117895,2749.920218275407,2406.8222837964317,2144.680300870392,1001.7906521960844,1497.3526432323774,1488.1361558774927,1812.7284495093459,1382.3138995149814,1465.8265674738532,884.1021251252039,2171.2564118620016,1377.3194958573663,822.1292949510737,1896.186592171345,988.0055564018311,1878.000259528193,975.0115004603671,1072.217845995094,1513.2767654483055,852.8720405161995,1031.496168068737,2520.0528097084966,463.39659153630015,689.6391784074304
Ljubljana,286.7979479517299,741.2599175914556,618.0877225140418,0.0,305.69076554260363,548.807910197884,549.8043791829697,712.1411599264619,2991.576154439939,2238.790467317393,1103.3097693947793,1227.3643269655197,1380.1904658144524,118.64304883249076,1636.1295966415191,2445.479471539147,484.9806180188882,674.7885565890349,2489.512212614723,2884.083520684176,792.6255642859088,1276.7561048016562,12044.609044696152,390.63785532957746,1122.7435137989687,2354.5961219468772,1976.703061498562,1630.3010227959248,384.4964330401633,924.9247194287709,2097.1004961879457,1561.954085161331,834.2847500825912,1694.1126398756883,448.19799783991806,1712.7114828644894,1079.2431922482667,920.6647628879908,1280.99296724629,1600.8308348389628,1495.161871457507,988.0208832844262,723.7504484541157,1169.6639772247108,277.071176489289,1231.136215663916,1933.3490773125577,489.4075781876805,967.6999768259624
Bratislava,592.1891174866815,821.2610002048795,898.0947599972066,305.69076554260363,0.0,652.4156525698645,739.3188674029295,760.7511851925443,2922.6258396833914,2523.7043707303146,889.2187180072481,923.239099452363,1087.0121013182904,274.8953224988077,1350.372485503774,2261.394482315551,449.5604494297036,785.6745429262484,2323.049541627686,2694.4354338845405,774.1319103312989,971.4258617014355,11801.774378714319,487.2222887157703,1373.678111389465,2345.757692471076,1951.5450973506452,1542.6198236224748,163.54368844868486,802.3713271865162,2348.1566654988846,1373.0231023633464,532.5306506474446,1737.0356892778454,291.4214366792966,1428.9091307408155,894.1881758758348,971.6012487375485,1004.2748062129716,1860.3511351411535,1245.5205981787296,985.7898921202706,553.5407648162313,1243.935347056881,56.2249880189669,1291.0933436612354,1631.0036373966777,784.8565241881568,1092.1448617407134
Podgorica,578.3388925357497,1285.9201842711882,976.670477508843,548.807910197884,652.4156525698645,0.0,1056.1341211133333,186.08857223298415,3532.4578955152983,2458.633077388476,914.7447666677782,1431.5090117647933,1649.3864942760679,451.8432031414902,1926.6161763172904,2095.6418670931394,279.3719500311159,133.83643701862457,2108.5510559895793,2534.343802263549,334.03760249287484,1414.7788731760918,11765.857223898385,169.02730014325192,836.7055001658622,1818.1497374451164,1451.753854179559,1169.3782381519652,559.3306275195006,596.8509115134332,2431.457856552021,2025.4359978589307,1094.3552064146706,2238.5935761929545,923.4519011040235,2008.2119715400588,1545.9758059685118,1467.829636460515,1239.6229623396655,1930.2648078115026,1877.4166465745427,1535.9606467493388,1199.796540749136,621.2537545002692,675.1723052101652,1774.5030548829402,1986.7129617441358,565.8913573746363,1492.4305140348765
Bern,511.0867617859135,315.6768084051438,352.5791451382054,549.8043791829697,739.3188674029295,1056.1341211133333,0.0,1235.30017779791,2613.2920045000437,1856.995210311868,1621.6848285112317,1518.6749168270248,1589.3071207804742,668.4432825048661,1795.844145661001,2983.2626177422994,1034.7077971689116,1164.5627327412037,3033.3535924256535,3419.946158203867,1335.2770011191703,1617.110568038444,12539.566032922434,919.4988736850828,1351.9696536182835,2873.8315101825856,2506.4912313214486,2178.6784250895385,881.8948536796723,1472.8455743286797,1622.2141309256249,1462.0359042480734,1141.0365652623332,1210.9466046935372,622.9977805534938,1860.0940478417353,1036.7440357106227,492.811168264156,1732.6122447858493,1148.9821176997586,1546.9970467246567,631.984668097504,755.5725545140924,1655.9550499609973,684.6758502979812,751.7597793553151,2289.731028371702,685.0903920981563,439.4187580348944
Skopje,764.1409095164894,1453.33214333924,1162.6121017623536,712.1411599264619,760.7511851925443,186.08857223298415,1235.30017779791,0.0,3672.9603269598024,2625.2562839177544,814.8874837361569,1441.9485582998193,1676.2049117476477,604.9603546518782,1955.4772191193017,1925.6869726965847,321.97191813042684,154.71705252124306,1932.6497976558953,2362.9058738234635,173.66548333176664,1403.2679977318974,11601.313141799734,321.5873627666398,907.5281622527988,1643.4295753972874,1271.2202145592055,984.7523806799087,637.4404613517083,468.23620799419297,2612.2945806469697,2122.080925842397,1138.246863755836,2406.2529973178443,1046.3115133870492,2037.5789201090447,1649.845635444573,1632.3996616940715,1174.2033898948785,2111.8052415980205,1941.5802438141448,1690.7915498941327,1314.2678648562496,483.19978289760724,793.5346865188734,1943.1173635126106,1932.7243178514539,744.2538235771482,1669.1231592344304
Reykjavík,3099.3598422612326,2308.39782269611,2916.3836578982437,2991.576154439939,2922.6258396833914,3532.4578955152983,2613.2920045000437,3672.9603269598024,0.0,3520.6842232301883,3579.890883237823,2798.602073697239,2582.512480806146,3080.7088115288916,2459.90154600907,4810.805124473626,3371.8002287258314,3662.9873024807016,4933.321014981561,5171.8668589340405,3696.2634028619777,2966.3406245122455,13413.100914881032,3365.292124216367,3963.648253497989,5255.519247077999,4854.943762917497,4394.889974570345,3070.2374125841443,3669.805623746707,2968.230972644812,1746.2358127674922,2770.5021858319774,1492.983958994201,2631.6116823996335,2428.659299256877,2102.307643264395,2123.0907035379346,3378.2629098916973,2903.247622786184,2139.4176892905257,2013.2582729097378,2382.413311094958,4150.844283148417,2883.4130687587444,1886.0043447713535,3324.745668131867,3295.703610114595,2229.3038613164135
Rabat,1985.6683337653756,2018.6103828180164,1625.6804575023175,2238.790467317393,2523.7043707303146,2458.633077388476,1856.995210311868,2625.2562839177544,3520.6842232301883,0.0,3309.873330456576,3374.407967157835,3441.1870732046455,2329.3180505037967,3630.6300655409345,4550.9184014156235,2618.82653612897,2480.0150340623454,4552.600510941734,4987.5675272094195,2790.8528013277246,3465.2060707202027,14224.472280132582,2428.0959521541986,1971.8107260560475,3937.790693360147,3685.1539703733392,3576.006968272585,2623.17353161824,3044.928353004061,564.2948188643338,3139.4548622085163,2990.7613533552826,2145.8275308084526,2476.0457735969258,3688.394720344507,2818.0152841064846,2062.608857279899,3519.744840501589,751.8464595748281,3339.3320063504575,2229.512791267669,2598.1499460686414,2792.85760627608,2477.7422098067677,2005.7966286078706,4137.420330321493,1900.4601626520146,1801.454879036737
Chi?in?u,1326.956807157782,1701.1234181433765,1714.435956739278,1103.3097693947793,889.2187180072481,914.7447666677782,1621.6848285112317,814.8874837361569,3579.890883237823,3309.873330456576,0.0,891.6323774394581,1156.1624762836072,996.3742656688744,1414.6035832308037,1375.3866641194618,695.6810013327366,963.3408901320586,1447.4573530136056,1805.9868108458404,653.5040628529584,775.4912768225751,10942.552078868666,892.8297679640066,1722.3698780550299,1758.1749117655465,1359.0166708877834,845.5929280506384,739.7918946662711,359.61644029133436,3199.744560952568,1861.8867786947505,809.5975812835181,2571.928817779799,1114.3632657022013,1492.060611224422,1482.0113054139017,1834.9387185539272,402.95878850335265,2701.7741385617455,1547.1345798498546,1814.2380825664457,1264.9318560392592,1091.8737082012121,945.3917642226112,2149.167707262671,1152.5396332086752,1421.6952090103728,1978.4951352821497
Vilnius,1514.0945986145396,1422.3202244797747,1774.429578763613,1227.3643269655197,923.239099452363,1431.5090117647933,1518.6749168270248,1441.9485582998193,2798.602073697239,3374.407967157835,891.6323774394581,0.0,264.5452750862203,1189.7929536596323,531.7467675990431,2012.697236980928,1153.1943237402,1542.3698727506946,2135.3215915194687,2385.205851288417,1345.3830451739395,170.1117986998041,11162.566740028768,1307.052063480586,2247.433785562629,2648.5918050888304,2250.481356894669,1733.01333760888,911.0507015381921,1144.1392535710784,3117.9941837231345,1052.466360300737,395.1892771220252,2056.138992939302,898.6542155427928,612.3874400608194,818.453086322928,1472.312867906591,589.8353014937695,2663.071620555514,680.1459470462016,1371.664617649985,822.2649326686237,1862.1534913455707,951.400648758101,1728.8992006982928,785.2702685711315,1706.4942552144146,1701.2323977055182
Riga,1662.699421004705,1442.1027723186787,1878.137422017996,1380.1904658144524,1087.0121013182904,1649.3864942760679,1589.3071207804742,1676.2049117476477,2582.512480806146,3441.1870732046455,1156.1624762836072,264.5452750862203,0.0,1361.3178878855706,279.32944660497776,2233.8348555902794,1375.1873120549362,1766.6168163950365,2364.2048888430563,2589.4439236892326,1590.546862481866,405.2212580891892,11237.550562926719,1513.3796642592265,2446.4835015799686,2912.7768495078262,2514.9386276157484,1996.8240354442744,1106.40553322328,1402.4095288071978,3145.56855775568,847.0212721593717,562.3263323831635,1958.9044870601892,995.1127397230621,361.44759013230464,726.2277914147486,1458.4702484611316,841.0791543837108,2711.687375985377,443.9496948296658,1333.2530473744248,844.4766690240924,2110.2369947394745,1104.4411466144652,1679.924406128563,840.4112092807399,1868.5407442241847,1705.3739022549878
Zagreb,349.8056028251153,852.3245048338571,718.4578930725054,118.64304883249076,274.8953224988077,451.8432031414902,668.4432825048661,604.9603546518782,3080.7088115288916,2329.3180505037967,996.3742656688744,1189.7929536596323,1361.3178878855706,0.0,1625.2663760555265,2330.4353369531864,366.3558587467025,582.5635402107629,2372.7077671524808,2769.448641894244,676.7805876683559,1224.4662118345384,11938.925901964329,286.4176170946301,1102.2939410008453,2244.048789582464,1863.556875233557,1512.0091375180837,302.90511490716466,807.1607798012209,2203.6862065637874,1608.540043007865,803.9322839885147,1803.7981156703402,490.6469377864244,1703.7545361319071,1125.0343826517178,1028.746038892065,1195.1630867719077,1705.4013828288744,1511.3052273643689,1086.8385304503308,771.0122897738127,1072.1487387816262,268.44381628945024,1342.0629742284932,1869.7247557616897,517.8512889566751,1084.6853095556698
Tallinn,1914.4091766316817,1614.2997973707504,2102.8583462864417,1636.1295966415191,1350.372485503774,1926.6161763172904,1795.844145661001,1955.4772191193017,2459.90154600907,3630.6300655409345,1414.6035832308037,531.7467675990431,279.32944660497776,1625.2663760555265,0.0,2402.6075750570135,1653.422314072434,2044.8624418022814,2543.1986060332797,2732.477680006389,1869.2825111491202,642.6087700764739,11206.257689686114,1788.1799629597122,2717.414079204239,3163.9879858335235,2769.3783445853805,2246.812586283068,1379.7432521051658,1675.7770508315814,3304.606260117027,789.3903199360399,835.1780081074573,2008.5803548539116,1229.5754247671614,82.11824203690522,836.2601055486616,1602.4780219114452,1071.6266130794472,2890.6189004774483,378.61421642938495,1458.9552139739867,1040.3537930303157,2388.5427022928766,1363.4112768062262,1786.0708083894042,870.6186480297754,2125.5363955090615,1859.2847316207767
Tbilisi,2625.4511780054095,3076.4825321644234,3029.8640247607855,2445.479471539147,2261.394482315551,2095.6418670931394,2983.2626177422994,1925.6869726965847,4810.805124473626,4550.9184014156235,1375.3866641194618,2012.697236980928,2233.8348555902794,2330.4353369531864,2402.6075750570135,0.0,1980.14548579414,2071.7923315656835,175.54466651401887,440.26441541456893,1761.836521549472,1844.4854471937444,9678.62247655015,2150.49808082326,2706.5621969346275,1428.566371987557,1257.915448601612,1028.0848302229213,2106.4091735796874,1532.522296264446,4513.758884982378,3065.0496228862366,2116.0444615391566,3933.301087148512,2487.921199329947,2456.1720896569354,2774.6966792265825,3208.6364968317507,1445.3527650260107,4011.547067612675,2677.492411660933,3179.6118275543013,2615.1495779455627,1853.355581056399,2317.6062873858173,3520.7555356420607,1649.5099721182248,2660.498591394401,3352.8912779126395
Belgrade,648.033570594111,1206.1019310919803,1050.1211151602195,484.9806180188882,449.5604494297036,279.3719500311159,1034.7077971689116,321.97191813042684,3371.8002287258314,2618.82653612897,695.6810013327366,1153.1943237402,1375.1873120549362,366.3558587467025,1653.422314072434,1980.14548579414,0.0,391.44586334160124,2015.03947526567,2420.222485563136,328.39398012747154,1135.6985494660935,11617.709340289097,198.75977065422947,1111.7796372340163,1905.679746151094,1516.748522419922,1146.514761820392,316.08732418301213,448.33759637566936,2536.7567503503883,1800.729957986179,825.9299654508778,2150.746312455232,740.1894124423928,1735.274455658955,1330.4210538345485,1375.6451487599288,981.1206068477894,2035.1622315690593,1622.8314083884654,1414.342149122947,1000.174032012783,801.7678611599599,489.0153229447839,1693.1539151651448,1717.635914482726,726.0211282066008,1448.4432650911442
Tirana,670.2127843437189,1406.1819503761828,1054.7524660573665,674.7885565890349,785.6745429262484,133.83643701862457,1164.5627327412037,154.71705252124306,3662.9873024807016,2480.0150340623454,963.3408901320586,1542.3698727506946,1766.6168163950365,582.5635402107629,2044.8624418022814,2071.7923315656835,391.44586334160124,0.0,2073.730122179041,2507.6486978157277,328.3556006726287,1516.3509695610953,11749.333158626243,302.61298495603825,760.90835527662,1711.4739376188493,1354.9859499966042,1111.8568404602395,687.4878169454375,621.5381829834052,2482.341267405173,2158.588724207042,1215.9731826444122,2357.367816552662,1057.2123775549207,2126.7046041563367,1679.5221197663295,1589.6954213503925,1312.2194332200233,1983.7789975157837,2005.448591738666,1662.806067436764,1333.6282096782224,496.59753840905086,808.9751491679817,1893.0072736423606,2067.307660090646,616.3074922478878,1603.174180511807
Yerevan,2654.058389801664,3142.7609081525843,3060.1580894501876,2489.512212614723,2323.049541627686,2108.5510559895793,3033.3535924256535,1932.6497976558953,4933.321014981561,4552.600510941734,1447.4573530136056,2135.3215915194687,2364.2048888430563,2372.7077671524808,2543.1986060332797,175.54466651401887,2015.03947526567,2073.730122179041,0.0,453.25647562977423,1774.9920323524289,1969.0300862228576,9691.946085698313,2176.2933353914577,2675.7001438795924,1285.4792253024557,1150.3912604393756,991.430216221928,2164.6038635531854,1567.0857185979385,4537.187157708327,3187.1530709589674,2213.9375146478887,4017.5237742964273,2561.4030124112987,2599.2917939412673,2879.705052005718,3281.465719545066,1557.6085556093126,4035.1065401192714,2806.6117058508707,3260.8238154614473,2703.41482335952,1816.268403878767,2379.033971390389,3596.479967128033,1809.6249257399713,2674.3911872620965,3414.865149962253
Baku,3065.7083260176382,3506.028161027403,3470.0485331212294,2884.083520684176,2694.4354338845405,2534.343802263549,3419.946158203867,2362.9058738234635,5171.8668589340405,4987.5675272094195,1805.9868108458404,2385.205851288417,2589.4439236892326,2769.448641894244,2732.477680006389,440.26441541456893,2420.222485563136,2507.6486978157277,453.25647562977423,0.0,2200.369303782272,2215.2127904510567,9246.787176978884,2590.707385391614,3125.9144813143394,1670.1568495863153,1585.9655358158209,1441.4004707594088,2541.152225460724,1972.732915010155,4954.003360909072,3431.940921032117,2522.46257711818,4348.620526715385,2914.0449689558013,2778.5896257504755,3169.6563745914204,3633.956340266146,1839.8843514656435,4451.784696407388,3032.5110335889644,3598.68969867869,3029.3246382218263,2267.564087301771,2750.6575261130483,3943.612925044719,1922.6085440665368,3099.6080439641987,3784.4453646491174
Sofia,892.8361952085,1527.2853372072882,1297.7361723998995,792.6255642859088,774.1319103312989,334.03760249287484,1335.2770011191703,173.66548333176664,3696.2634028619777,2790.8528013277246,653.5040628529584,1345.3830451739395,1590.546862481866,676.7805876683559,1869.2825111491202,1761.836521549472,328.39398012747154,328.3556006726287,1774.9920323524289,2200.369303782272,0.0,1290.1838595084655,11434.107577813098,420.0027820662118,1073.666237397373,1577.4390725835092,1190.1062725546965,849.9518579598652,628.0862525900056,299.08210771526785,2763.389230826245,2098.4303631240373,1075.3363385557343,2475.581687464939,1065.5428096939675,1951.2666992908364,1637.8905991295542,1699.9792177619584,1027.474058841011,2261.7129888375935,1886.7666868041636,1742.3512076899065,1318.5148951122449,521.0348647191402,816.1027995636355,2016.0810573754284,1788.059961255873,899.8078315390566,1760.2049021301511
Minsk,1562.2390431621243,1546.3570458324373,1850.9388602757201,1276.7561048016562,971.4258617014355,1414.7788731760918,1617.110568038444,1403.2679977318974,2966.3406245122455,3465.2060707202027,775.4912768225751,170.1117986998041,405.2212580891892,1224.4662118345384,642.6087700764739,1844.4854471937444,1135.6985494660935,1516.3509695610953,1969.0300862228576,2215.2127904510567,1290.1838595084655,0.0,11016.60669127289,1305.5090765761418,2244.606853168961,2521.393032043754,2126.990017026267,1604.2253029182186,930.4336856703316,1062.1196925359286,3229.8255756272524,1220.6751656232514,476.0740093917849,2215.332792573421,994.2037989227921,718.2132769069505,982.3073817003052,1609.2086014037752,436.17192411624404,2765.7931115522138,840.0200922344636,1517.6982918200174,955.2299602668124,1797.4255661073776,1007.3448364640757,1876.073065802767,672.8325430632854,1741.7003483495828,1829.4465644904017
Canberra,12263.76917671202,12542.952471880408,12656.767026129337,12044.609044696152,11801.774378714319,11765.857223898385,12539.566032922434,11601.313141799734,13413.100914881032,14224.472280132582,10942.552078868666,11162.566740028768,11237.550562926719,11938.925901964329,11206.257689686114,9678.62247655015,11617.709340289097,11749.333158626243,9691.946085698313,9246.787176978884,11434.107577813098,11016.60669127289,0.0,11802.476597663972,12363.933224110413,10602.542594926255,10708.001157724424,10682.676484691672,11670.027731622276,11182.247716537157,14141.703915039829,11988.754502380567,11462.307148658654,13196.251808780584,11952.72693422716,11198.510885794223,11959.734115439664,12623.276477690672,10811.680077211357,13644.326045256725,11584.829781832917,12533.521711043024,11969.525693885507,11503.216178636354,11855.583154715363,12891.318422823422,10399.269006579154,12325.732706172595,12830.105202208728
Sarajevo,478.24520427194034,1131.7548882260444,884.6310470971479,390.63785532957746,487.2222887157703,169.02730014325192,919.4988736850828,321.5873627666398,3365.292124216367,2428.0959521541986,892.8297679640066,1307.052063480586,1513.3796642592265,286.4176170946301,1788.1799629597122,2150.49808082326,198.75977065422947,302.61298495603825,2176.2933353914577,2590.707385391614,420.0027820662118,1305.5090765761418,11802.476597663972,0.0,940.9893407514134,1964.736035824268,1589.7696819427058,1269.7156164947146,409.6143167722894,621.252642040343,2363.3731475279696,1859.598799070794,953.0917058475276,2084.711227741505,754.6424215460595,1869.1991533135545,1379.0946310655152,1311.1704594499151,1176.5292525698912,1861.1255163802834,1722.1238565774129,1373.1243465325895,1031.58021840318,786.1665231216857,507.4202096410768,1621.5300014368743,1905.6865191208913,530.3529455103052,1350.1597269519536
Valletta,904.4112809584277,1663.2358730984674,1058.2540906117895,1122.7435137989687,1373.678111389465,836.7055001658622,1351.9696536182835,907.5281622527988,3963.648253497989,1971.8107260560475,1722.3698780550299,2247.433785562629,2446.4835015799686,1102.2939410008453,2717.414079204239,2706.5621969346275,1111.7796372340163,760.90835527662,2675.7001438795924,3125.9144813143394,1073.666237397373,2244.606853168961,12363.933224110413,940.9893407514134,0.0,1967.8927102872449,1718.9694579938625,1684.5869554771061,1340.8306071741617,1372.7187375960375,2128.912596953254,2677.9935762492632,1884.164104764747,2524.0782426320425,1570.8819978486436,2797.344873399334,2197.9922127288482,1844.5890832413877,2071.3657603881616,1678.40553805237,2612.6332183933873,1973.6682654860251,1843.8261298890702,860.7182305301459,1370.657917488281,2085.2762542455885,2822.683128747916,684.2928926110152,1746.0878200250063
Jerusalem,2380.5999130808596,3095.690653578828,2749.920218275407,2354.5961219468772,2345.757692471076,1818.1497374451164,2873.8315101825856,1643.4295753972874,5255.519247077999,3937.790693360147,1758.1749117655465,2648.5918050888304,2912.7768495078262,2244.048789582464,3163.9879858335235,1428.566371987557,1905.679746151094,1711.4739376188493,1285.4792253024557,1670.1568495863153,1577.4390725835092,2521.393032043754,10602.542594926255,1964.736035824268,1967.8927102872449,0.0,403.71841756574753,917.1797221877868,2190.918882055457,1590.0485069049957,4075.7563797425064,3590.994005807327,2524.744155976801,4047.8432744734278,2636.118822123741,3238.7753106511796,3164.7038743279045,3272.6584696888685,2098.76350793784,3599.8692654991582,3301.9386471252224,3319.748587716386,2873.7243433861227,1236.909834338833,2390.711552427854,3585.6145273936795,2684.745711463477,2289.9163096751886,3310.570599493649
Nicosia,2024.462026916102,2715.7758888648905,2406.8222837964317,1976.703061498562,1951.5450973506452,1451.753854179559,2506.4912313214486,1271.2202145592055,4854.943762917497,3685.1539703733392,1359.0166708877834,2250.481356894669,2514.9386276157484,1863.556875233557,2769.3783445853805,1257.915448601612,1516.748522419922,1354.9859499966042,1150.3912604393756,1585.9655358158209,1190.1062725546965,2126.990017026267,10708.001157724424,1589.7696819427058,1718.9694579938625,403.71841756574753,0.0,527.8487856622467,1794.7258421283843,1187.2486477655236,3780.8537096912714,3187.276179910411,2121.0428736881945,3665.5180003126975,2240.787053167894,2845.122993960139,2761.9973400502176,2889.8709027719833,1709.8228293156453,3294.4654335953,2900.0713865603216,2930.5694200249623,2474.2098939127955,911.8584821936146,1997.8664223918865,3205.2304138751724,2327.6367998792807,1954.0702635902253,2939.7935203543416
Ankara,1741.5312061397406,2346.765641780624,2144.680300870392,1630.3010227959248,1542.6198236224748,1169.3782381519652,2178.6784250895385,984.7523806799087,4394.889974570345,3576.006968272585,845.5929280506384,1733.01333760888,1996.8240354442744,1512.0091375180837,2246.812586283068,1028.0848302229213,1146.514761820392,1111.8568404602395,991.430216221928,1441.4004707594088,849.9518579598652,1604.2253029182186,10682.676484691672,1269.7156164947146,1684.5869554771061,917.1797221877868,527.8487856622467,0.0,1379.7050029434267,742.0346460063237,3593.9677777858674,2698.226319285251,1634.1023531390636,3279.2506053365582,1821.2554550992884,2321.6366105672014,2293.0417579768337,2509.3315649938086,1183.0751578448749,3094.675889034698,2392.66371682495,2527.690967945898,2030.2376415384715,826.7071241213887,1594.165925024947,2828.8227806089617,1809.5021214999188,1726.2385399570192,2594.769790033433
Budapest,652.095546578475,982.8369157113715,1001.7906521960844,384.4964330401633,163.54368844868486,559.3306275195006,881.8948536796723,637.4404613517083,3070.2374125841443,2623.17353161824,739.7918946662711,911.0507015381921,1106.40553322328,302.90511490716466,1379.7432521051658,2106.4091735796874,316.08732418301213,687.4878169454375,2164.6038635531854,2541.152225460724,628.0862525900056,930.4336856703316,11670.027731622276,409.6143167722894,1340.8306071741617,2190.918882055457,1794.7258421283843,1379.7050029434267,0.0,638.9659143865971,2473.286040814523,1484.7244015967983,544.652033858374,1900.3814488385185,446.3346264320678,1460.5060086451836,1014.8973562322036,1135.0022517210741,896.8528344360113,1980.0724652892595,1318.2339046322957,1148.1156126458782,690.4525292337739,1117.7862986188607,217.4287229191948,1454.5479606177757,1568.117780376101,813.8484490662526,1250.4772214344596
Bucharest,1093.1734716750318,1614.9710848194347,1497.3526432323774,924.9247194287709,802.3713271865162,596.8509115134332,1472.8455743286797,468.23620799419297,3669.805623746707,3044.928353004061,359.61644029133436,1144.1392535710784,1402.4095288071978,807.1607798012209,1675.7770508315814,1532.522296264446,448.33759637566936,621.5381829834052,1567.0857185979385,1972.732915010155,299.08210771526785,1062.1196925359286,11182.247716537157,621.252642040343,1372.7187375960375,1590.0485069049957,1187.2486477655236,742.0346460063237,638.9659143865971,0.0,2982.1270629293313,2006.0567752858365,944.2067008737132,2539.3471461537515,1079.2213412223207,1756.5252670858758,1574.7541331760415,1772.5007320793645,749.66679914158,2480.0931384997994,1745.1176949495677,1786.1595335382308,1293.8198927541698,745.1164358622947,854.9985335035285,2092.1918090847607,1507.7480405951956,1144.4809602357695,1872.63196015541
Lisbon,1889.1289472747617,1704.020425841535,1488.1361558774927,2097.1004961879457,2348.1566654988846,2431.457856552021,1622.2141309256249,2612.2945806469697,2968.230972644812,564.2948188643338,3199.744560952568,3117.9941837231345,3145.56855775568,2203.6862065637874,3304.606260117027,4513.758884982378,2536.7567503503883,2482.341267405173,4537.187157708327,4954.003360909072,2763.389230826245,3229.8255756272524,14141.703915039829,2363.3731475279696,2128.912596953254,4075.7563797425064,3780.8537096912714,3593.9677777858674,2473.286040814523,2982.1270629293313,0.0,2734.89865627255,2755.387679020994,1640.9598281314327,2238.9705031708,3354.2378241963947,2471.608166117842,1702.932372727051,3350.7432368332124,502.2608921096668,2983.202619579562,1855.4125226648073,2306.345221984078,2869.5773200581275,2296.179097352181,1578.485825283372,3899.495965621954,1868.2808384117518,1445.418274114709
Oslo,1780.5857517571603,1183.9290571496938,1812.7284495093459,1561.954085161331,1373.0231023633464,2025.4359978589307,1462.0359042480734,2122.080925842397,1746.2358127674922,3139.4548622085163,1861.8867786947505,1052.466360300737,847.0212721593717,1608.540043007865,789.3903199360399,3065.0496228862366,1800.729957986179,2158.588724207042,3187.1530709589674,3431.940921032117,2098.4303631240373,1220.6751656232514,11988.754502380567,1859.598799070794,2677.9935762492632,3590.994005807327,3187.276179910411,2698.226319285251,1484.7244015967983,2006.0567752858365,2734.89865627255,0.0,1066.4482651235862,1270.4380841699488,1118.5739409494693,790.4842022801021,483.6172596743475,1088.5020655847604,1633.53706204219,2387.9165842826287,419.0795604852817,916.1418383830897,838.9454390999987,2601.9284941807864,1353.4892116097317,1157.1037106956978,1648.7815689090971,2006.1938075933585,1343.8991194958567
Warsaw,1120.6397381543468,1083.2033019955309,1382.3138995149814,834.2847500825912,532.5306506474446,1094.3552064146706,1141.0365652623332,1138.246863755836,2770.5021858319774,2990.7613533552826,809.5975812835181,395.1892771220252,562.3263323831635,803.9322839885147,835.1780081074573,2116.0444615391566,825.9299654508778,1215.9731826444122,2213.9375146478887,2522.46257711818,1075.3363385557343,476.0740093917849,11462.307148658654,953.0917058475276,1884.164104764747,2524.744155976801,2121.0428736881945,1634.1023531390636,544.652033858374,944.2067008737132,2755.387679020994,1066.4482651235862,0.0,1830.6309963392277,518.1609373982104,916.1115519571678,673.7854211790232,1164.2204190709488,689.0893512548839,2289.76235842485,811.8661261323057,1095.251831370331,518.3152506736295,1594.9592192161863,557.519545662717,1451.3897450225336,1148.7809364951606,1317.3863796023397,1369.3555543473526
Dublin,1721.5065228203914,953.0589982041586,1465.8265674738532,1694.1126398756883,1737.0356892778454,2238.5935761929545,1210.9466046935372,2406.2529973178443,1492.983958994201,2145.8275308084526,2571.928817779799,2056.138992939302,1958.9044870601892,1803.7981156703402,2008.5803548539116,3933.301087148512,2150.746312455232,2357.367816552662,4017.5237742964273,4348.620526715385,2475.581687464939,2215.332792573421,13196.251808780584,2084.711227741505,2524.0782426320425,4047.8432744734278,3665.5180003126975,3279.2506053365582,1900.3814488385185,2539.3471461537515,1640.9598281314327,1270.4380841699488,1830.6309963392277,0.0,1467.3252098619334,2030.1363384031565,1241.5839513800433,775.6502164293281,2519.557245258272,1455.5122774778868,1634.0594643973036,758.5682183642193,1319.2975892877403,2853.514515673276,1685.0932846546416,464.36457885582513,2798.4934001866914,1888.1792896443858,782.1374117574832
Prague,699.8157098380549,598.4715773890554,884.1021251252039,448.19799783991806,291.4214366792966,923.4519011040235,622.9977805534938,1046.3115133870492,2631.6116823996335,2476.0457735969258,1114.3632657022013,898.6542155427928,995.1127397230621,490.6469377864244,1229.5754247671614,2487.921199329947,740.1894124423928,1057.2123775549207,2561.4030124112987,2914.0449689558013,1065.5428096939675,994.2037989227921,11952.72693422716,754.6424215460595,1570.8819978486436,2636.118822123741,2240.787053167894,1821.2554550992884,446.3346264320678,1079.2213412223207,2238.9705031708,1118.5739409494693,518.1609373982104,1467.3252098619334,0.0,1301.8091155780285,634.9573978362758,720.7641415611293,1143.1525958650416,1771.6017761108549,1053.8942312237073,709.7388742005975,280.3653666595092,1528.569985815123,252.843955315705,1035.1836869414713,1666.742396481028,921.5823786303681,884.2836871644337
Helsinki,1989.7538754579061,1670.3361261041255,2171.2564118620016,1712.7114828644894,1428.9091307408155,2008.2119715400588,1860.0940478417353,2037.5789201090447,2428.659299256877,3688.394720344507,1492.060611224422,612.3874400608194,361.44759013230464,1703.7545361319071,82.11824203690522,2456.1720896569354,1735.274455658955,2126.7046041563367,2599.2917939412673,2778.5896257504755,1951.2666992908364,718.2132769069505,11198.510885794223,1869.1991533135545,2797.344873399334,3238.7753106511796,2845.122993960139,2321.6366105672014,1460.5060086451836,1756.5252670858758,3354.2378241963947,790.4842022801021,916.1115519571678,2030.1363384031565,1301.8091155780285,0.0,882.8084227818927,1651.3107311715369,1143.6158106536084,2946.0880038937084,396.3860306174588,1503.6811045273114,1104.7000770737147,2470.41506027004,1440.945289093117,1824.123129730588,896.1561330663288,2202.072308604188,1909.838410622864
København,1305.6588960799797,802.6126363729492,1377.3194958573663,1079.2431922482667,894.1881758758348,1545.9758059685118,1036.7440357106227,1649.845635444573,2102.307643264395,2818.0152841064846,1482.0113054139017,818.453086322928,726.2277914147486,1125.0343826517178,836.2601055486616,2774.6966792265825,1330.4210538345485,1679.5221197663295,2879.705052005718,3169.6563745914204,1637.8905991295542,982.3073817003052,11959.734115439664,1379.0946310655152,2197.9922127288482,3164.7038743279045,2761.9973400502176,2293.0417579768337,1014.8973562322036,1574.7541331760415,2471.608166117842,483.6172596743475,673.7854211790232,1241.5839513800433,634.9573978362758,882.8084227818927,0.0,768.7293452682493,1330.8741192200441,2070.942587536333,521.8561875671421,622.7972574644137,355.6111228302461,2131.9996816581142,871.9691649208438,957.8249123802724,1560.5108103360667,1531.41171527301,1028.2593187791992
Brussels,980.1573443324965,187.14009930225865,822.1292949510737,920.6647628879908,971.6012487375485,1467.829636460515,492.811168264156,1632.3996616940715,2123.0907035379346,2062.608857279899,1834.9387185539272,1472.312867906591,1458.4702484611316,1028.746038892065,1602.4780219114452,3208.6364968317507,1375.6451487599288,1589.6954213503925,3281.465719545066,3633.956340266146,1699.9792177619584,1609.2086014037752,12623.276477690672,1311.1704594499151,1844.5890832413877,3272.6584696888685,2889.8709027719833,2509.3315649938086,1135.0022517210741,1772.5007320793645,1702.932372727051,1088.5020655847604,1164.2204190709488,775.6502164293281,720.7641415611293,1651.3107311715369,768.7293452682493,0.0,1840.1050010111733,1311.5926128870365,1283.8231729041247,173.5729934310053,654.1588402686469,2086.2723404644053,917.8641762519657,319.69309808111706,2255.269294264129,1172.6152169771856,261.801328672752
Kyiv,1544.4185640356795,1739.1368349925149,1896.186592171345,1280.99296724629,1004.2748062129716,1239.6229623396655,1732.6122447858493,1174.2033898948785,3378.2629098916973,3519.744840501589,402.95878850335265,589.8353014937695,841.0791543837108,1195.1630867719077,1071.6266130794472,1445.3527650260107,981.1206068477894,1312.2194332200233,1557.6085556093126,1839.8843514656435,1027.474058841011,436.17192411624404,10811.680077211357,1176.5292525698912,2071.3657603881616,2098.76350793784,1709.8228293156453,1183.0751578448749,896.8528344360113,749.66679914158,3350.7432368332124,1633.53706204219,689.0893512548839,2519.557245258272,1143.1525958650416,1143.6158106536084,1330.8741192200441,1840.1050010111733,0.0,2864.5786591296915,1269.9570286531405,1781.9648584520326,1205.4916762049922,1491.5803394736029,1055.0480567125996,2135.963893234622,760.6102351833258,1681.3277142203085,2026.149306850688
Madrid,1387.303070352306,1276.3226738799044,988.0055564018311,1600.8308348389628,1860.3511351411535,1930.2648078115026,1148.9821176997586,2111.8052415980205,2903.247622786184,751.8464595748281,2701.7741385617455,2663.071620555514,2711.687375985377,1705.4013828288744,2890.6189004774483,4011.547067612675,2035.1622315690593,1983.7789975157837,4035.1065401192714,4451.784696407388,2261.7129888375935,2765.7931115522138,13644.326045256725,1861.1255163802834,1678.40553805237,3599.8692654991582,3294.4654335953,3094.675889034698,1980.0724652892595,2480.0931384997994,502.2608921096668,2387.9165842826287,2289.76235842485,1455.5122774778868,1771.6017761108549,2946.0880038937084,2070.942587536333,1311.5926128870365,2864.5786591296915,0.0,2591.3103651271804,1477.7982218108152,1867.2585809328152,2382.618977781912,1809.734967562103,1262.1952410086697,3438.1418857893827,1368.4442070402567,1050.1114222322599
Stockholm,1753.4332373711666,1324.3606796212912,1878.000259528193,1495.161871457507,1245.5205981787296,1877.4166465745427,1546.9970467246567,1941.5802438141448,2139.4176892905257,3339.3320063504575,1547.1345798498546,680.1459470462016,443.9496948296658,1511.3052273643689,378.61421642938495,2677.492411660933,1622.8314083884654,2005.448591738666,2806.6117058508707,3032.5110335889644,1886.7666868041636,840.0200922344636,11584.829781832917,1722.1238565774129,2612.6332183933873,3301.9386471252224,2900.0713865603216,2392.66371682495,1318.2339046322957,1745.1176949495677,2983.202619579562,419.0795604852817,811.8661261323057,1634.0594643973036,1053.8942312237073,396.3860306174588,521.8561875671421,1283.8231729041247,1269.9570286531405,2591.3103651271804,0.0,1127.8356543395107,810.1104952838541,2405.4046780727795,1242.9880588648116,1436.008938392172,1229.7650074633318,1975.4094461608236,1545.1179668444095
Amsterdam,1088.8617552956616,316.64920565521464,975.0115004603671,988.0208832844262,985.7898921202706,1535.9606467493388,631.984668097504,1690.7915498941327,2013.2582729097378,2229.512791267669,1814.2380825664457,1371.664617649985,1333.2530473744248,1086.8385304503308,1458.9552139739867,3179.6118275543013,1414.342149122947,1662.806067436764,3260.8238154614473,3598.68969867869,1742.3512076899065,1517.6982918200174,12533.521711043024,1373.1243465325895,1973.6682654860251,3319.748587716386,2930.5694200249623,2527.690967945898,1148.1156126458782,1786.1595335382308,1855.4125226648073,916.1418383830897,1095.251831370331,758.5682183642193,709.7388742005975,1503.6811045273114,622.7972574644137,173.5729934310053,1781.9648584520326,1477.7982218108152,1127.8356543395107,0.0,576.9659417505894,2157.203124676717,935.9264958181074,358.5662240358652,2147.4864286528746,1293.6272974837725,428.811084580661
Berlin,957.0309180216243,603.3396258070721,1072.217845995094,723.7504484541157,553.5407648162313,1199.796540749136,755.5725545140924,1314.2678648562496,2382.413311094958,2598.1499460686414,1264.9318560392592,822.2649326686237,844.4766690240924,771.0122897738127,1040.3537930303157,2615.1495779455627,1000.174032012783,1333.6282096782224,2703.41482335952,3029.3246382218263,1318.5148951122449,955.2299602668124,11969.525693885507,1031.58021840318,1843.8261298890702,2873.7243433861227,2474.2098939127955,2030.2376415384715,690.4525292337739,1293.8198927541698,2306.345221984078,838.9454390999987,518.3152506736295,1319.2975892877403,280.3653666595092,1104.7000770737147,355.6111228302461,654.1588402686469,1205.4916762049922,1867.2585809328152,810.1104952838541,576.9659417505894,0.0,1797.4630203514896,524.8127243398101,933.3328468181853,1607.371958710401,1182.2198917921066,879.1173202399925
